Frame  Ab-initio (eV)      PIPNN (eV)      Error (eV)
-------------------------------------------------------
    1        0.150002        0.150057        0.000055
    2        0.099023        0.099078        0.000055
    3        0.059380        0.059435        0.000055
    4        0.031410        0.031465        0.000055
    5        0.013141        0.013195        0.000055
    6        0.001994        0.002049        0.000055
    7       -0.004296       -0.004241        0.000055
    8       -0.007441       -0.007386        0.000055
    9       -0.008640       -0.008585        0.000055
   10       -0.008700       -0.008645        0.000055
   11       -0.008145       -0.008090        0.000055
   12       -0.007302       -0.007248        0.000055
   13       -0.006369       -0.006314        0.000055
   14       -0.005454       -0.005399        0.000055
   15       -0.004615       -0.004560        0.000055
   16       -0.003874       -0.003819        0.000055
   17       -0.003236       -0.003182        0.000055
   18       -0.002696       -0.002641        0.000055
   19       -0.002244       -0.002189        0.000055
   20       -0.001867       -0.001812        0.000055
   21       -0.001555       -0.001500        0.000055
   22       -0.001296       -0.001242        0.000055
   23       -0.001083       -0.001028        0.000055
   24       -0.000906       -0.000851        0.000055
   25       -0.000759       -0.000704        0.000055
   26       -0.000638       -0.000583        0.000055
   27       -0.000536       -0.000482        0.000055
   28       -0.000452       -0.000397        0.000055
   29       -0.000382       -0.000327        0.000055
   30       -0.000323       -0.000268        0.000055
   31       -0.000273       -0.000218        0.000055
   32       -0.000231       -0.000177        0.000055
   33       -0.000196       -0.000142        0.000055
   34       -0.000167       -0.000112        0.000055
   35       -0.000142       -0.000087        0.000055
   36       -0.000120       -0.000066        0.000055
   37       -0.000102       -0.000048        0.000055
   38       -0.000087       -0.000033        0.000055
   39       -0.000074       -0.000020        0.000055
   40       -0.000063       -0.000009        0.000055
   41       -0.000054        0.000001        0.000055
   42       -0.000046        0.000009        0.000055
   43       -0.000039        0.000015        0.000055
   44       -0.000033        0.000021        0.000055
   45       -0.000029        0.000026        0.000055
   46       -0.000024        0.000030        0.000055
   47       -0.000021        0.000034        0.000055
   48       -0.000018        0.000037        0.000055
   49       -0.000015        0.000040        0.000055
   50       -0.000013        0.000042        0.000055
   51       -0.000011        0.000044        0.000055
   52       -0.000009        0.000045        0.000055
   53       -0.000008        0.000047        0.000055
   54       -0.000007        0.000048        0.000055
   55       -0.000006        0.000049        0.000055
   56       -0.000005        0.000050        0.000055
   57       -0.000004        0.000051        0.000055
   58       -0.000003        0.000051        0.000055
   59       -0.000003        0.000052        0.000055
   60       -0.000003        0.000052        0.000055
   61       -0.000002        0.000053        0.000055
   62       -0.000002        0.000053        0.000055
   63       -0.000001        0.000053        0.000055
   64       -0.000001        0.000053        0.000055
   65       -0.000001        0.000054        0.000055
   66       -0.000001        0.000054        0.000055
   67       -0.000001        0.000054        0.000055
   68       -0.000001        0.000054        0.000055
   69       -0.000000        0.000054        0.000055
   70       -0.000000        0.000054        0.000055
   71       -0.000000        0.000054        0.000055
   72       -0.000000        0.000054        0.000055
   73       -0.000000        0.000055        0.000055
   74       -0.000000        0.000055        0.000055
   75       -0.000000        0.000055        0.000055
   76       -0.000000        0.000055        0.000055
   77        0.000000        0.000055        0.000055
   78        0.000000        0.000055        0.000055
   79        0.000000        0.000055        0.000055
   80        0.000000        0.000055        0.000055
   81        0.000000        0.000055        0.000055
   82        0.000000        0.000055        0.000055
   83        0.000000        0.000055        0.000055
   84        0.000000        0.000055        0.000055
   85        0.000000        0.000055        0.000055
   86        0.000000        0.000055        0.000055
   87        0.000000        0.000055        0.000055
   88        0.000000        0.000055        0.000055
   89        0.000000        0.000055        0.000055
   90        0.000000        0.000055        0.000055
   91        0.000000        0.000055        0.000055
   92        0.000000        0.000055        0.000055
   93        0.000000        0.000055        0.000055
   94        0.000000        0.000055        0.000055
   95        0.000000        0.000055        0.000055
   96        0.000000        0.000055        0.000055
   97        0.000000        0.000055        0.000055
   98        0.000000        0.000055        0.000055
   99        0.000000        0.000055        0.000055
  100        0.000000        0.000055        0.000055
  101        0.000000        0.000055        0.000055
  102        0.000000        0.000055        0.000055
  103        0.000000        0.000055        0.000055
  104        0.000000        0.000055        0.000055
  105        0.000000        0.000055        0.000055
  106        0.000000        0.000055        0.000055
  107        0.000000        0.000055        0.000055
  108        0.000000        0.000055        0.000055
  109        0.000000        0.000055        0.000055
  110        0.000000        0.000055        0.000055
  111        0.000000        0.000055        0.000055
  112        0.000000        0.000055        0.000055
  113        0.000000        0.000055        0.000055
  114        0.000000        0.000055        0.000055
  115        0.000000        0.000055        0.000055
  116        0.000000        0.000055        0.000055
  117        0.000000        0.000055        0.000055
  118        0.000000        0.000055        0.000055
  119        0.000000        0.000055        0.000055
  120        0.000000        0.000055        0.000055
  121        0.000000        0.000055        0.000055
  122        0.000000        0.000055        0.000055
  123        0.000000        0.000055        0.000055
  124        0.000000        0.000055        0.000055
  125        0.000000        0.000055        0.000055
  126        0.000000        0.000055        0.000055
  127        0.000000        0.000055        0.000055
  128        0.000000        0.000055        0.000055
  129        0.000000        0.000055        0.000055
  130        0.000000        0.000055        0.000055
  131        0.000000        0.000055        0.000055
  132        0.000000        0.000055        0.000055
  133        0.000000        0.000055        0.000055
  134        0.000000        0.000055        0.000055
  135        0.000000        0.000055        0.000055
  136        0.000000        0.000055        0.000055
  137        0.000000        0.000055        0.000055
  138        0.000000        0.000055        0.000055
  139        0.000000        0.000055        0.000055
  140        0.000000        0.000055        0.000055
  141        0.000000        0.000055        0.000055
  142        0.000000        0.000055        0.000055
  143        0.000000        0.000055        0.000055
  144        0.000000        0.000055        0.000055
  145        0.000000        0.000055        0.000055
  146        0.000000        0.000055        0.000055
  147        0.000000        0.000055        0.000055
  148        0.000000        0.000055        0.000055
  149        0.000000        0.000055        0.000055
  150        0.000000        0.000055        0.000055
  151        0.000000        0.000055        0.000055
  152        0.000000        0.000055        0.000055
  153        0.000000        0.000055        0.000055
  154        0.000000        0.000055        0.000055
  155        0.000000        0.000055        0.000055
  156        0.000000        0.000055        0.000055
  157        0.000000        0.000055        0.000055
  158        0.000000        0.000055        0.000055
  159        0.000000        0.000055        0.000055
  160        0.000000        0.000055        0.000055
  161        0.000000        0.000055        0.000055
  162        0.000000        0.000055        0.000055
  163        0.000000        0.000055        0.000055
  164        0.000000        0.000055        0.000055
  165        0.000000        0.000055        0.000055
  166        0.000000        0.000055        0.000055
  167        0.000000        0.000055        0.000055
  168        0.000000        0.000055        0.000055
  169        0.000000        0.000055        0.000055
  170        0.000000        0.000055        0.000055
  171        0.000000        0.000055        0.000055
  172        0.000000        0.000055        0.000055
  173        0.000000        0.000055        0.000055
  174        0.000000        0.000055        0.000055
  175        0.000000        0.000055        0.000055
  176        0.000000        0.000055        0.000055
  177        0.000000        0.000055        0.000055
  178        0.000000        0.000055        0.000055
  179        0.000000        0.000055        0.000055
  180        0.000000        0.000055        0.000055
  181        0.000000        0.000055        0.000055
  182        0.000000        0.000055        0.000055
  183        0.000000        0.000055        0.000055
  184        0.000000        0.000055        0.000055
  185        0.000000        0.000055        0.000055
  186        0.000000        0.000055        0.000055
  187        0.000000        0.000055        0.000055
  188        0.000000        0.000055        0.000055
  189        0.000000        0.000055        0.000055
  190        0.000000        0.000055        0.000055
  191        0.000000        0.000055        0.000055
  192        0.000000        0.000055        0.000055
  193        0.000000        0.000055        0.000055
  194        0.000000        0.000055        0.000055
  195        0.000000        0.000055        0.000055
  196        0.000000        0.000055        0.000055
  197        0.000000        0.000055        0.000055
  198        0.000000        0.000055        0.000055
  199        0.000000        0.000055        0.000055
  200        0.000000        0.000055        0.000055
  201        0.000000        0.000055        0.000055
  202        0.000000        0.000055        0.000055
  203        0.000000        0.000055        0.000055
  204        0.000000        0.000055        0.000055
  205        0.000000        0.000055        0.000055
  206        0.000000        0.000055        0.000055
  207        0.000000        0.000055        0.000055
  208        0.000000        0.000055        0.000055
  209        0.000000        0.000055        0.000055
  210        0.000000        0.000055        0.000055
  211        0.000000        0.000055        0.000055
  212        0.000000        0.000055        0.000055
  213        0.000000        0.000055        0.000055
  214        0.000000        0.000055        0.000055
  215        0.000000        0.000055        0.000055
  216        0.000000        0.000055        0.000055
  217        0.000000        0.000055        0.000055
  218        0.000000        0.000055        0.000055
  219        0.000000        0.000055        0.000055
  220        0.000000        0.000055        0.000055
  221        0.000000        0.000055        0.000055
  222        0.000000        0.000055        0.000055
  223        0.000000        0.000055        0.000055
  224        0.000000        0.000055        0.000055
  225        0.000000        0.000055        0.000055
  226        0.000000        0.000055        0.000055
  227        0.000000        0.000055        0.000055
  228        0.000000        0.000055        0.000055
  229        0.000000        0.000055        0.000055
  230        0.000000        0.000055        0.000055
  231        0.000000        0.000055        0.000055
  232        0.000000        0.000055        0.000055
  233        0.000000        0.000055        0.000055
  234        0.000000        0.000055        0.000055
  235        0.000000        0.000055        0.000055
  236        0.000000        0.000055        0.000055
  237        0.000000        0.000055        0.000055
  238        0.000000        0.000055        0.000055
  239        0.000000        0.000055        0.000055
  240        0.000000        0.000055        0.000055
  241        0.000000        0.000055        0.000055
  242        0.000000        0.000055        0.000055
  243        0.000000        0.000055        0.000055
  244        0.000000        0.000055        0.000055
  245        0.000000        0.000055        0.000055
  246        0.000000        0.000055        0.000055
  247        0.000000        0.000055        0.000055
  248        0.000000        0.000055        0.000055
  249        0.000000        0.000055        0.000055
  250        0.000000        0.000055        0.000055
  251        0.000000        0.000055        0.000055
  252        0.000000        0.000055        0.000055
  253        0.000000        0.000055        0.000055
  254        0.000000        0.000055        0.000055
  255        0.000000        0.000055        0.000055
  256        0.000000        0.000055        0.000055
  257        0.000000        0.000055        0.000055
  258        0.000000        0.000055        0.000055
  259        0.000000        0.000055        0.000055
  260        0.000000        0.000055        0.000055
  261        0.000000        0.000055        0.000055
  262        0.000000        0.000055        0.000055
  263        0.000000        0.000055        0.000055
  264        0.000000        0.000055        0.000055
  265        0.000000        0.000055        0.000055
  266        0.000000        0.000055        0.000055
  267        0.000000        0.000055        0.000055
  268        0.000000        0.000055        0.000055
  269        0.000000        0.000055        0.000055
  270        0.000000        0.000055        0.000055
  271        0.000000        0.000055        0.000055
  272        0.000000        0.000055        0.000055
  273        0.000000        0.000055        0.000055
  274        0.000000        0.000055        0.000055
  275        0.000000        0.000055        0.000055
  276        0.000000        0.000055        0.000055
  277        0.000000        0.000055        0.000055
  278        0.000000        0.000055        0.000055
  279        0.000000        0.000055        0.000055
  280        0.000000        0.000055        0.000055
  281        0.000000        0.000055        0.000055
  282        0.000000        0.000055        0.000055
  283        0.000000        0.000055        0.000055
  284        0.000000        0.000055        0.000055
  285        0.000000        0.000055        0.000055
  286        0.000000        0.000055        0.000055
  287        0.000000        0.000055        0.000055
  288        0.000000        0.000055        0.000055
  289        0.000000        0.000055        0.000055
  290        0.000000        0.000055        0.000055
  291        0.000000        0.000055        0.000055
  292        0.000000        0.000055        0.000055
  293        0.000000        0.000055        0.000055
  294        0.000000        0.000055        0.000055
  295        0.000000        0.000055        0.000055
  296        0.000000        0.000055        0.000055
  297        0.000000        0.000055        0.000055
  298        0.000000        0.000055        0.000055
  299        0.000000        0.000055        0.000055
  300        0.000000        0.000055        0.000055
  301        0.000000        0.000055        0.000055
