Frame  Ab-initio (eV)      PIPNN (eV)      Error (eV)
-------------------------------------------------------
    1       -0.525136       -0.525082        0.000055
    2       -0.550766       -0.550711        0.000055
    3       -0.568918       -0.568863        0.000055
    4       -0.581469       -0.581415        0.000055
    5       -0.589915       -0.589861        0.000055
    6       -0.595408       -0.595353        0.000055
    7       -0.598816       -0.598762        0.000055
    8       -0.600780       -0.600725        0.000055
    9       -0.601761       -0.601706        0.000055
   10       -0.602089       -0.602034        0.000055
   11       -0.601995       -0.601941        0.000055
   12       -0.601640       -0.601585        0.000055
   13       -0.601133       -0.601079        0.000055
   14       -0.600548       -0.600494        0.000055
   15       -0.599934       -0.599880        0.000055
   16       -0.599323       -0.599268        0.000055
   17       -0.598732       -0.598678        0.000055
   18       -0.598175       -0.598120        0.000055
   19       -0.597656       -0.597602        0.000055
   20       -0.597179       -0.597125        0.000055
   21       -0.596744       -0.596689        0.000055
   22       -0.596348       -0.596293        0.000055
   23       -0.595990       -0.595935        0.000055
   24       -0.595667       -0.595612        0.000055
   25       -0.595376       -0.595322        0.000055
   26       -0.595115       -0.595060        0.000055
   27       -0.594881       -0.594826        0.000055
   28       -0.594671       -0.594616        0.000055
   29       -0.594482       -0.594428        0.000055
   30       -0.594313       -0.594259        0.000055
   31       -0.594162       -0.594107        0.000055
   32       -0.594026       -0.593972        0.000055
   33       -0.593905       -0.593850        0.000055
   34       -0.593796       -0.593741        0.000055
   35       -0.593698       -0.593644        0.000055
   36       -0.593611       -0.593556        0.000055
   37       -0.593532       -0.593477        0.000055
   38       -0.593461       -0.593407        0.000055
   39       -0.593398       -0.593343        0.000055
   40       -0.593341       -0.593287        0.000055
   41       -0.593290       -0.593236        0.000055
   42       -0.593244       -0.593190        0.000055
   43       -0.593203       -0.593149        0.000055
   44       -0.593166       -0.593112        0.000055
   45       -0.593133       -0.593078        0.000055
   46       -0.593103       -0.593048        0.000055
   47       -0.593076       -0.593022        0.000055
   48       -0.593052       -0.592997        0.000055
   49       -0.593030       -0.592976        0.000055
   50       -0.593011       -0.592956        0.000055
   51       -0.592993       -0.592939        0.000055
   52       -0.592977       -0.592923        0.000055
   53       -0.592963       -0.592908        0.000055
   54       -0.592950       -0.592896        0.000055
   55       -0.592939       -0.592884        0.000055
   56       -0.592928       -0.592874        0.000055
   57       -0.592919       -0.592864        0.000055
   58       -0.592911       -0.592856        0.000055
   59       -0.592903       -0.592848        0.000055
   60       -0.592896       -0.592842        0.000055
   61       -0.592890       -0.592836        0.000055
   62       -0.592885       -0.592830        0.000055
   63       -0.592880       -0.592825        0.000055
   64       -0.592875       -0.592821        0.000055
   65       -0.592871       -0.592817        0.000055
   66       -0.592868       -0.592813        0.000055
   67       -0.592864       -0.592810        0.000055
   68       -0.592861       -0.592807        0.000055
   69       -0.592859       -0.592804        0.000055
   70       -0.592856       -0.592802        0.000055
   71       -0.592854       -0.592800        0.000055
   72       -0.592852       -0.592798        0.000055
   73       -0.592851       -0.592796        0.000055
   74       -0.592849       -0.592794        0.000055
   75       -0.592848       -0.592793        0.000055
   76       -0.592846       -0.592792        0.000055
   77       -0.592845       -0.592791        0.000055
   78       -0.592844       -0.592789        0.000055
   79       -0.592843       -0.592789        0.000055
   80       -0.592842       -0.592788        0.000055
   81       -0.592842       -0.592787        0.000055
   82       -0.592841       -0.592786        0.000055
   83       -0.592840       -0.592786        0.000055
   84       -0.592840       -0.592785        0.000055
   85       -0.592839       -0.592785        0.000055
   86       -0.592839       -0.592784        0.000055
   87       -0.592838       -0.592784        0.000055
   88       -0.592838       -0.592783        0.000055
   89       -0.592838       -0.592783        0.000055
   90       -0.592838       -0.592783        0.000055
   91       -0.592837       -0.592783        0.000055
   92       -0.592837       -0.592782        0.000055
   93       -0.592837       -0.592782        0.000055
   94       -0.592837       -0.592782        0.000055
   95       -0.592836       -0.592782        0.000055
   96       -0.592836       -0.592782        0.000055
   97       -0.592836       -0.592781        0.000055
   98       -0.592836       -0.592781        0.000055
   99       -0.592836       -0.592781        0.000055
  100       -0.592836       -0.592781        0.000055
  101       -0.592836       -0.592781        0.000055
  102       -0.592836       -0.592781        0.000055
  103       -0.592836       -0.592781        0.000055
  104       -0.592835       -0.592781        0.000055
  105       -0.592835       -0.592781        0.000055
  106       -0.592835       -0.592781        0.000055
  107       -0.592835       -0.592781        0.000055
  108       -0.592835       -0.592781        0.000055
  109       -0.592835       -0.592781        0.000055
  110       -0.592835       -0.592781        0.000055
  111       -0.592835       -0.592780        0.000055
  112       -0.592835       -0.592780        0.000055
  113       -0.592835       -0.592780        0.000055
  114       -0.592835       -0.592780        0.000055
  115       -0.592835       -0.592780        0.000055
  116       -0.592835       -0.592780        0.000055
  117       -0.592835       -0.592780        0.000055
  118       -0.592835       -0.592780        0.000055
  119       -0.592835       -0.592780        0.000055
  120       -0.592835       -0.592780        0.000055
  121       -0.592835       -0.592780        0.000055
  122       -0.592835       -0.592780        0.000055
  123       -0.592835       -0.592780        0.000055
  124       -0.592835       -0.592780        0.000055
  125       -0.592835       -0.592780        0.000055
  126       -0.592835       -0.592780        0.000055
  127       -0.592835       -0.592780        0.000055
  128       -0.592835       -0.592780        0.000055
  129       -0.592835       -0.592780        0.000055
  130       -0.592835       -0.592780        0.000055
  131       -0.592835       -0.592780        0.000055
  132       -0.592835       -0.592780        0.000055
  133       -0.592835       -0.592780        0.000055
  134       -0.592835       -0.592780        0.000055
  135       -0.592835       -0.592780        0.000055
  136       -0.592835       -0.592780        0.000055
  137       -0.592835       -0.592780        0.000055
  138       -0.592835       -0.592780        0.000055
  139       -0.592835       -0.592780        0.000055
  140       -0.592835       -0.592780        0.000055
  141       -0.592835       -0.592780        0.000055
  142       -0.592835       -0.592780        0.000055
  143       -0.592835       -0.592780        0.000055
  144       -0.592835       -0.592780        0.000055
  145       -0.592835       -0.592780        0.000055
  146       -0.592835       -0.592780        0.000055
  147       -0.592835       -0.592780        0.000055
  148       -0.592835       -0.592780        0.000055
  149       -0.592835       -0.592780        0.000055
  150       -0.592835       -0.592780        0.000055
  151       -0.592835       -0.592780        0.000055
  152       -0.592835       -0.592780        0.000055
  153       -0.592835       -0.592780        0.000055
  154       -0.592835       -0.592780        0.000055
  155       -0.592835       -0.592780        0.000055
  156       -0.592835       -0.592780        0.000055
  157       -0.592835       -0.592780        0.000055
  158       -0.592835       -0.592780        0.000055
  159       -0.592835       -0.592780        0.000055
  160       -0.592835       -0.592780        0.000055
  161       -0.592835       -0.592780        0.000055
  162       -0.592835       -0.592780        0.000055
  163       -0.592835       -0.592780        0.000055
  164       -0.592835       -0.592780        0.000055
  165       -0.592835       -0.592780        0.000055
  166       -0.592835       -0.592780        0.000055
  167       -0.592835       -0.592780        0.000055
  168       -0.592835       -0.592780        0.000055
  169       -0.592835       -0.592780        0.000055
  170       -0.592835       -0.592780        0.000055
  171       -0.592835       -0.592780        0.000055
  172       -0.592835       -0.592780        0.000055
  173       -0.592835       -0.592780        0.000055
  174       -0.592835       -0.592780        0.000055
  175       -0.592835       -0.592780        0.000055
  176       -0.592835       -0.592780        0.000055
  177       -0.592835       -0.592780        0.000055
  178       -0.592835       -0.592780        0.000055
  179       -0.592835       -0.592780        0.000055
  180       -0.592835       -0.592780        0.000055
  181       -0.592835       -0.592780        0.000055
  182       -0.592835       -0.592780        0.000055
  183       -0.592835       -0.592780        0.000055
  184       -0.592835       -0.592780        0.000055
  185       -0.592835       -0.592780        0.000055
  186       -0.592835       -0.592780        0.000055
  187       -0.592835       -0.592780        0.000055
  188       -0.592835       -0.592780        0.000055
  189       -0.592835       -0.592780        0.000055
  190       -0.592835       -0.592780        0.000055
  191       -0.592835       -0.592780        0.000055
  192       -0.592835       -0.592780        0.000055
  193       -0.592835       -0.592780        0.000055
  194       -0.592835       -0.592780        0.000055
  195       -0.592835       -0.592780        0.000055
  196       -0.592835       -0.592780        0.000055
  197       -0.592835       -0.592780        0.000055
  198       -0.592835       -0.592780        0.000055
  199       -0.592835       -0.592780        0.000055
  200       -0.592835       -0.592780        0.000055
  201       -0.592835       -0.592780        0.000055
  202       -0.592835       -0.592780        0.000055
  203       -0.592835       -0.592780        0.000055
  204       -0.592835       -0.592780        0.000055
  205       -0.592835       -0.592780        0.000055
  206       -0.592835       -0.592780        0.000055
  207       -0.592835       -0.592780        0.000055
  208       -0.592835       -0.592780        0.000055
  209       -0.592835       -0.592780        0.000055
  210       -0.592835       -0.592780        0.000055
  211       -0.592835       -0.592780        0.000055
  212       -0.592835       -0.592780        0.000055
  213       -0.592835       -0.592780        0.000055
  214       -0.592835       -0.592780        0.000055
  215       -0.592835       -0.592780        0.000055
  216       -0.592835       -0.592780        0.000055
  217       -0.592835       -0.592780        0.000055
  218       -0.592835       -0.592780        0.000055
  219       -0.592835       -0.592780        0.000055
  220       -0.592835       -0.592780        0.000055
  221       -0.592835       -0.592780        0.000055
  222       -0.592835       -0.592780        0.000055
  223       -0.592835       -0.592780        0.000055
  224       -0.592835       -0.592780        0.000055
  225       -0.592835       -0.592780        0.000055
  226       -0.592835       -0.592780        0.000055
  227       -0.592835       -0.592780        0.000055
  228       -0.592835       -0.592780        0.000055
  229       -0.592835       -0.592780        0.000055
  230       -0.592835       -0.592780        0.000055
  231       -0.592835       -0.592780        0.000055
  232       -0.592835       -0.592780        0.000055
  233       -0.592835       -0.592780        0.000055
  234       -0.592835       -0.592780        0.000055
  235       -0.592835       -0.592780        0.000055
  236       -0.592835       -0.592780        0.000055
  237       -0.592835       -0.592780        0.000055
  238       -0.592835       -0.592780        0.000055
  239       -0.592835       -0.592780        0.000055
  240       -0.592835       -0.592780        0.000055
  241       -0.592835       -0.592780        0.000055
  242       -0.592835       -0.592780        0.000055
  243       -0.592835       -0.592780        0.000055
  244       -0.592835       -0.592780        0.000055
  245       -0.592835       -0.592780        0.000055
  246       -0.592835       -0.592780        0.000055
  247       -0.592835       -0.592780        0.000055
  248       -0.592835       -0.592780        0.000055
  249       -0.592835       -0.592780        0.000055
  250       -0.592835       -0.592780        0.000055
  251       -0.592835       -0.592780        0.000055
  252       -0.592835       -0.592780        0.000055
  253       -0.592835       -0.592780        0.000055
  254       -0.592835       -0.592780        0.000055
  255       -0.592835       -0.592780        0.000055
  256       -0.592835       -0.592780        0.000055
  257       -0.592835       -0.592780        0.000055
  258       -0.592835       -0.592780        0.000055
  259       -0.592835       -0.592780        0.000055
  260       -0.592835       -0.592780        0.000055
  261       -0.592835       -0.592780        0.000055
  262       -0.592835       -0.592780        0.000055
  263       -0.592835       -0.592780        0.000055
  264       -0.592835       -0.592780        0.000055
  265       -0.592835       -0.592780        0.000055
  266       -0.592835       -0.592780        0.000055
  267       -0.592835       -0.592780        0.000055
  268       -0.592835       -0.592780        0.000055
  269       -0.592835       -0.592780        0.000055
  270       -0.592835       -0.592780        0.000055
  271       -0.592835       -0.592780        0.000055
  272       -0.592835       -0.592780        0.000055
  273       -0.592835       -0.592780        0.000055
  274       -0.592835       -0.592780        0.000055
  275       -0.592835       -0.592780        0.000055
  276       -0.592835       -0.592780        0.000055
  277       -0.592835       -0.592780        0.000055
  278       -0.592835       -0.592780        0.000055
  279       -0.592835       -0.592780        0.000055
  280       -0.592835       -0.592780        0.000055
  281       -0.592835       -0.592780        0.000055
  282       -0.592835       -0.592780        0.000055
  283       -0.592835       -0.592780        0.000055
  284       -0.592835       -0.592780        0.000055
  285       -0.592835       -0.592780        0.000055
  286       -0.592835       -0.592780        0.000055
  287       -0.592835       -0.592780        0.000055
  288       -0.592835       -0.592780        0.000055
  289       -0.592835       -0.592780        0.000055
  290       -0.592835       -0.592780        0.000055
  291       -0.592835       -0.592780        0.000055
  292       -0.592835       -0.592780        0.000055
  293       -0.592835       -0.592780        0.000055
  294       -0.592835       -0.592780        0.000055
  295       -0.592835       -0.592780        0.000055
  296       -0.592835       -0.592780        0.000055
  297       -0.592835       -0.592780        0.000055
  298       -0.592835       -0.592780        0.000055
  299       -0.592835       -0.592780        0.000055
  300       -0.592835       -0.592780        0.000055
  301       -0.592835       -0.592780        0.000055
