
                 -1.00223764097915801763
                  4.60464812381129107166
                 -4.14527416068272902550
                  3.00202871088344158679
                 -0.32276010308982022723
                  1.62253092522973263456
                 -0.35370908685622898249
                  1.55515849332135358551
                  0.14306714583172180921
                 -1.73068098553853300103
                 -1.48606462992615750984
                 -3.50057256897676083440
                  0.31591519365135639630
                  0.39426905637886477951
                  4.40704143807159898216
                  0.89159235022082017341
                 -1.48123447594928969728
                  0.82107964120509691064
                  5.07522339638041852794
                  1.36632482550265899057
                  1.74559810974879536793
                 -1.23124603424500711490
                 -0.03099745853895099351
                 -1.35686251536904811665
                  0.16652642319765470491
                 -3.73409529821697461216
                  1.25871496826994122564
                  0.72655489898423053496
                  0.55042047015035000523
                  1.12122635905597056727
                 -1.24180374035138130218
                  1.34311503242028984495
                  3.31496953858802534398
                 -0.37330535668091247015
                  4.04698485716224176656
                 -0.79621997549151246609
                 -1.72096790915311492753
                  3.29858641311501665783
                 -1.36183811002008114954
                  0.52845501890067514417
                  1.73806611296394186716
                 -0.72637810118464662956
                  2.85203881317793594974
                  1.95397031745982308060
                  2.00553315069558291128
                 -1.65619828521213485750
                 -1.93513393848981163359
                 -1.48602822117351029974
                 -1.02953519126692460972
                 -0.27535226289037945113
                  3.79672427245681332053
                  0.75361540315812625135
                  0.45028423514433896235
                  0.44266378761087227245
                  0.49240283063631323790
                 -1.44089467392460979234
                 -0.26469020132256421141
                 -0.07149731886451321516
                 -1.99515347007082088915
                 -1.00829354469464771427
                  1.29809661922977759296
                 -0.39471933073648418633
                 -1.77805218675969878284
                  1.86910746556744511437
                  0.38958240456015347242
                 -2.33778487265690682051
                  0.72745891826036523931
                 -0.56308434091567449720
                  2.00893261067870376735
                  1.40676075648417953090
                  1.05574255999396116046
