
50	2	1
20	50	
1	2121
  0.4031543700000000	  0.7638410235000000	  0.1427474300000000	  0.1843832900000000	  0.3463274950000000	  0.4132281300000000	  0.1534219550000000	  0.4170621257000000	  0.0137840325000000	  0.1056126000000000	  0.0540572800000000	  0.1651357900000000	  0.0722814400000000	  0.0827916600000000	  0.0939673600000000	  0.0605247050000000	  0.1171378300000000	  0.0828706600000000	  0.1656698750000000	  0.4338700450000000	  0.0567004864500000	  0.2280842183085000	  0.0149624905000000	  0.0200379915000000	  0.0384412610000000	  0.0433280575000000	  0.0129601895000000	  0.0338070855000000	  0.0314294450000000	  0.0365958220000000	  0.0433792005000000	  0.0201473750000000	  0.0458935445000000	  0.0231096790000000	  0.0868186100000000	  0.0867021450000000	  0.1138222850000000	  0.0869415900000000	  0.0152085715000000	  0.0330532745000000	  0.0223936760000000	  0.0424054215000000	  0.0279184125000000	  0.0483349395000000	  0.1138704000000000	  0.0446624910000000	  0.0870317500000000	  0.2300789450000000	  0.0210776234250000	  0.1270677048893000	  7.7080975540000001
  0.5399323000000000	  0.8108686765000001	  0.1427474300000000	  0.1843832900000000	  0.3463274950000000	  0.4132281300000000	  0.1677826750000000	  0.4188760443000000	  0.0137840325000000	  0.1056126000000000	  0.0540572800000000	  0.1651357900000000	  0.0722814400000000	  0.0827916600000000	  0.0939673600000000	  0.0605247050000000	  0.1171378300000000	  0.0828706600000000	  0.1656698750000000	  0.4338700450000000	  0.0582886035500000	  0.2281598016915000	  0.0149624905000000	  0.0200379915000000	  0.0384412610000000	  0.0433280575000000	  0.0129601895000000	  0.0338070855000000	  0.0314294450000000	  0.0365958220000000	  0.0433792005000000	  0.0201473750000000	  0.0458935445000000	  0.0231096790000000	  0.0868186100000000	  0.0867021450000000	  0.1138222850000000	  0.0869415900000000	  0.0152085715000000	  0.0330532745000000	  0.0223936760000000	  0.0424054215000000	  0.0279184125000000	  0.0483349395000000	  0.1138704000000000	  0.0446624910000000	  0.0870317500000000	  0.2300789450000000	  0.0212605075750000	  0.1270708951107000	  7.6920354460000002
                  0.70530139950926296066
                 -0.10126128329607123058
                  0.16683491934289604308
                 -0.95257984180016186393
                 -1.06399741747693177274
                 -0.53410604445661202799
                 -1.70773531516219767568
                  1.95575142377263722082
                  1.33747677437020096036
                  0.35523940786555202598
                 -0.41339110957695185400
                  1.47387617835155038115
                  0.51205055856357406530
                  0.72255585357180807105
                 -1.28294495241967898558
                  0.75058184804179395311
                 -0.08615867027368287467
                 -2.78179773353195436414
                  0.79034589435778335176
                  1.42120652412784020946
                  0.96947257795219332621
                 -1.43726285539907894240
                 -1.92793606094894998115
                  2.89619759823985756242
                 -0.97322363455326021953
                 -0.04725603028716018894
                  0.43468315660976741821
                  0.27914137378002840117
                 -0.88027334871449403053
                  2.20571687120203252519
                 -2.01435373999288946933
                  0.48035518920507580543
                  0.92811276193706637727
                 -0.19809887726861263868
                 -0.97937877367858605648
                 -0.00884238976695344431
                 -0.07976581584104665279
                 -1.01627501484727900127
                 -1.00167920459234705000
                 -0.01952728444248931841
                  0.44474354557439826907
                 -0.59671825601725592136
                  0.31676338276006282824
                 -0.38011064171117758814
                 -1.50046229497413774467
                  1.15103331506468675727
                  0.81323372649583436367
                  0.68377832532872528937
                 -0.27243101401821678831
                  0.09154618184727326968
                 -1.60050949284473098544
                  1.30723253009876660968
                 -1.78582707882744728956
                 -0.00496773843675162030
                  3.39680458546182961754
                 -0.05557430391512098444
                  1.64768943548790414155
                 -1.47881236607943589156
                 -1.16041268747116554927
                 -1.78468320746524389264
                  2.94559008701831315236
                  0.11613706154222341871
                  5.06641949196011331935
                  0.22060514873051217943
                  0.33169470565895214920
                  1.35846474106017267580
                 -0.04678313905007032425
                  0.55922624966777090272
                 -3.38844819668177876792
                 -1.56727930092221168223
                 -0.55864422920777578874
                  0.55892202695498749421
                  0.09805542949745726933
                 -2.93158372127100941285
                  2.99470624263890794481
                  6.14827367447409756096
                 -0.63314028088752738466
                  0.71444363495825879973
                 -0.28302619234642689694
                 -1.19640292088735433751
                 -1.94817596026358952344
                 -0.63116747143074514170
                  1.32284970186949779603
                 -0.72262053261411463012
                  1.60083935738986093966
                 -4.06423813290527924380
                  0.18265204117631445024
                 -0.60612347972769620164
                  1.44693440133263662162
                  0.62196718173348974901
                 -0.77694435988131227422
                 -0.93681102292841089696
                 -0.74919169008610708715
                  1.13165681497051773263
                 -2.64398303958277836045
                 -0.07284047572772622825
                  0.76825457913870109916
                  0.75008819084356281870
                 -0.01734882749654613129
                  0.00790800507199855389
                  2.18223486747025452459
                 -3.32428643664216938447
                  0.53944379489949145778
                 -0.01283922831088432637
                 -1.17994114537103222951
                 -5.23274340306129737144
                 -2.81955680425633881114
                  6.07228330484657252697
                  1.27862989164686036148
                  4.94699089894671040213
                 -4.09665934309247870004
                 -4.45667140371948811151
                 -7.35323863869244398472
                  0.54390289462476315574
                  0.64931415593950647658
                 -1.97101009916525948817
                 -2.37441725317220742042
                  0.56065615618731867720
                  1.90896005199209217729
                  3.39669634821067578656
                  1.25424907250924433377
                 -5.64255407920147966649
                  1.13993116478697587013
                 -3.22338414988501131830
                 -0.62541450986967661585
                 -4.89944528823726876965
                  0.59877911029119923469
                  1.10404145466385505969
                  0.77574077278763520216
                 -1.72185713204775847629
                  0.13600460021344373818
                  1.57551882941980747610
                 -1.78467191711047901137
                  0.22295506903449821556
                  2.37444175621434849788
                  4.68669057731452376458
                  1.52586764292051646486
                  2.48452374540162379546
                  0.12260997292086940613
                 -1.81693736694715779478
                  1.33122016152901423425
                 -1.21957953102642235876
                  0.11365603423567817443
                  1.98313308781573516271
                  8.10084066977079153560
                 -1.62742746401769822207
                  0.74121607706296910312
                 -2.15007919210868658766
                  0.14318795931787361986
                  1.51761241875959651537
                 -1.59994581959421022788
                  1.74936781701936494571
                 -1.87158611249057615922
                  1.01291959602808745444
                 -1.74539292943037915862
                  2.99860961079767474047
                  1.15939698026341408976
                  2.44881125310415681540
                 -0.80847792564408216265
                 -6.50041115624805954099
                  3.58907678480065950311
                  0.42185285225702745526
                -11.13368488999509864357
                  1.52651102035481067709
                  0.99225321892615703234
                  2.26331037805107326832
                  4.16200289000629020109
                  3.08980806612041236647
                 -2.42394806416940200577
                  5.49308090649759250823
                  2.17696588491515896635
                 -3.95891515590795917134
                 -4.04810454170725364520
                  1.14272442154797815306
                 -3.04345699158058380362
                -12.07575280046134658107
                  1.16477698885839298093
                  1.60159036957450018335
                 -1.20417975055835424492
                  2.08402317412194459934
                  2.67285376657806272860
                  1.00444861837768817381
                  2.94467372791919190789
                  0.68352422584664318528
                  7.28870687266288541650
                  5.26944542664530946041
                 -2.10860501237625896920
                  1.69301431873553553942
                 -2.18590344666599234458
                  2.18128727599262139947
                 -2.06149928803318127635
                 -0.05240068945117019178
                 -1.12737418162255176313
                 -4.30578877153838046610
                  2.09288975080489070280
                 -2.75851248053077879874
                  0.48026484004118108473
                 -0.48251367370650044553
                 -2.25869533123737253888
                  3.96589350539271290330
                  1.07160651590227185004
                 -1.86074717834009151218
                  2.99918849618400207291
                 -2.77779382585672918182
                 -0.99672599521429772196
                  1.18879274725113348588
                 -0.92126260549101524067
                  1.31045797884200321270
                  1.61312245863784164968
                 -2.81997444344211034561
                  1.13624128630487097880
                 -2.51669268697070691587
                  1.26323288832896785117
                  2.67975623507522175970
                 -2.60488359895278032141
                  2.05192432986976669440
                 -0.40073492219543555004
                 -1.04692113201050296389
                  1.96570008187226119567
                 -0.26341701267299244549
                 -0.35480288854738023518
                  1.82657454236708272077
                 -2.03500771101612709657
                 -4.45667906420893888964
                  1.56336656885346725332
                 -0.52124467192686374517
                  1.29839414873224234803
                  2.73059632445646238708
                 -0.82922259330451675297
                  2.38323775526818337767
                  0.25860847593720071025
                 -0.60044672638957907740
                  4.33972001976083010533
                 -0.50878971192807009860
                  0.47671613927745282169
                 -3.33887975558350191818
                  3.11509852796279940179
                  1.29953398304255807183
                 -1.39577092852587791860
                 -1.01328374409055488314
                  0.43616775043929273403
                  0.47646426127141883189
                 -0.81078663841534848178
                 -2.21113657560795573431
                 -1.88222333117301188210
                 -1.42576166554984884449
                  0.81566992294905826810
                  1.56254963665433721509
                  0.49385253351218610929
                 -2.22797255553161566155
                 -0.95221273373723491762
                 -0.22642952897382120914
                  1.11499934506702724768
                  0.96672026298615942874
                 -2.38034219796252122237
                 -0.29181769415960545633
                  1.57146682119013347823
                  1.89542248123279666316
                  1.48845641937386852227
                 -1.03128765452362269883
                  0.53004203592147147717
                 -1.13701410253816592721
                  3.86311695420526612921
                 -1.68197799925488578054
                 -0.75330771306557253730
                 -0.52069075929397756752
                  1.06037335937655630147
                 -0.11612954833837382806
                 -1.59711275737915570083
                 -1.87656196727004953573
                 -1.30138531928343503807
                  0.95263283698960254942
                 -0.93194696490812911627
                 -2.27738889501336716492
                  1.88726413747841137436
                  3.40794861053102815518
                  0.86616165084208796010
                  0.63104494829996193861
                 -0.36396178756409558464
                  2.22799907912415839917
                  0.67907710855062752842
                  1.16172432981475948210
                  0.39924934403249012771
                 -2.62606457472107246431
                 -0.00699377187552944254
                 -0.70102448931276828414
                 -1.73678794505699141126
                 -3.08149675130004885304
                 -1.05418362455781555731
                 -1.33008311026968262247
                  0.26093365059328227362
                  0.80472372191318486401
                 -0.56010668065299851204
                 -0.14084511760258333624
                 -1.37402390289363363074
                  1.45416930772120633897
                  2.05742681525586945668
                  3.86523810398680334188
                  0.45454173329357522304
                 -2.09017528750582126662
                 -0.07323272778231859625
                 -0.00743489233217801970
                 -0.27297543642397209540
                  0.01400546529771371992
                 -0.27401497910830940885
                 -0.11176312404858075589
                 -0.11343972821378496552
                  0.24802514809608686153
                 -0.07083838363443460684
                 -0.10355982154492597569
                  0.23188112582061920497
                  0.22776505346233544280
                 -0.04008053766874226931
                  0.06458155516396692220
                  0.05690927870192036969
                 -0.12443097585290341378
                  0.70862421377260109701
                  0.07396603679423378874
                  0.09085198159683650909
                  0.01171136734394119527
                  0.25504653698825313635
                 -0.48584851843578941155
                 -0.18480964963102231025
                 -0.02807650324452835855
                  0.29261276125347029931
                 -0.09165010809023466098
                  0.13012124799944718712
                  0.06176143327374789688
                 -0.15604673610899583158
                  0.16640207700096254495
                 -0.20566726949143293579
                  0.22473944279098820309
                  0.24137793131147569636
                 -0.17557424316321845748
                 -0.11437513193515248811
                  0.12839503532570317734
                  0.10547391436023870193
                 -0.47529267305223099616
                 -0.08821586273158409097
                 -0.02734768980906501432
                 -0.05060289109040701921
                 -0.17054136841416339676
                  0.08253482600114170342
                 -0.30431012530169460062
                 -0.07241672899887961756
                 -0.10596276251980371597
                  0.07510268051985853621
                  0.10659698964760226658
                  0.12427433603662875472
                  0.45714743685272218876
                 -1.16983871259942673326
                 -0.63536367732081355797
                 -0.16864113899600677304
                  1.62278425603772835650
                  0.80048091930781162251
                  0.76630390087216293526
                  3.78461386534207733234
                  0.44612792466646827849
                 -5.38396016704209579018
                 -1.88116165077860286736
                  3.26429858132106298640
                 -0.88901463070953479217
                 -0.18210740383022441802
                  0.37688286235664203438
                  3.35819551984333708461
                 -2.67483789193404941642
                  1.21150197823530958452
                  1.86736684725315060795
                 -4.80953515494805383668
                  0.53704197291566879713
                 -2.09348597130861380222
                  1.00324750952571251084
                  0.42856690142022102474
                  0.03988986893297365860
                 -1.12527173015081305429
                 -1.22358268855370933004
                  0.52195973030147335692
                 -0.63812977955301475319
                 -0.36459815454783228716
                  1.72198533553458577039
                 -0.56190403215415385407
                  1.26457858784155119380
                  1.03288103633873928899
                 -1.70711360343457574373
                  2.71396264430310996119
                  1.03375749449638476563
                  0.39376299787862084623
                 -1.92920669669779498712
                  4.51599420274258545049
                 -2.88975894421146595192
                  0.76117835764274255350
                 -0.20355983161530508130
                  0.29717104642668046299
                 -2.00457058679999100548
                  0.61950862914076865184
                 -1.42583973400158670053
                  2.97310940015350144705
                 -2.05210172898959353205
                 -0.23707286259647852855
                 -0.15404222968084460565
                 -1.04957894273563479004
                  0.46305034166741088075
                 -0.29132829768052198594
                  0.62272681258609041688
                 -0.46013533903775316602
                 -1.17308248012562410523
                  0.99972352898490024486
                 -1.07258297845407879478
                 -0.05786688141177056405
                 -2.65299935072513681789
                  1.46823977879021327908
                  1.34648301123935221213
                 -1.36048197313735386160
                  0.87869298185310684701
                  0.60384059168507175919
                  0.79479993138823512577
                 -0.66236966843196776189
                  3.26705721962867201569
                 -1.95122591713867232777
                  1.03148878285178513536
                  0.21990971981830234605
                  1.35345317341019089064
                 -1.48557279240741002546
                 -0.28884620953666395593
                 -0.20299378448758670368
                 -1.59485197731098282681
                  0.69714659010871726785
                  1.14431075586267061439
                 -0.85212110204059554608
                  3.38429801886961456603
                 -0.26057042993700668676
                  0.80239808957455238669
                 -1.08352640059532645544
                 -2.81572169319572918056
                  3.36831677193236123102
                 -2.10015624268757283843
                 -0.08223992337900504213
                 -0.77803731361175287873
                  0.38952506324827318451
                 -1.61424277865363685613
                 -0.56371216710861093979
                  1.48922765176066174142
                 -2.15005799390569540819
                  0.68399296355240102319
                  1.74892174690776913693
                  1.47031557816388458448
                  1.21427305281159303441
                 -1.37138139305871575857
                 -0.37772097312920777101
                 -1.25225589442059237477
                  1.79976704428350897658
                 -3.72471054695402026269
                  2.20662053184474959977
                 -0.51566254362088403962
                  0.23551951703192064436
                 -1.69357094791775253384
                 -1.22727295527021595944
                  2.79982216635060110477
                  1.72021449659838077118
                 -1.52207305293237160626
                 -0.60827346847310503897
                 -2.12841825965210018623
                 -1.90544340099401510180
                  2.68115590903595091277
                 -2.46635004337929686358
                 -0.33497550541517462364
                  0.42961277458125446405
                 -1.45603965740804031093
                  1.99519933097300117275
                  3.19863185799040383728
                 -0.10730028228829564807
                  0.42898478845843246443
                  1.61079993158253853558
                 -1.34577717749361069899
                 -0.19636545230703514320
                 -2.47692397395599073207
                  0.14523060223043779415
                  1.15980700272392200922
                 -1.41587651482604792719
                 -1.50265544602169764943
                 -0.16901740660772340830
                 -0.55094095339036053272
                  0.46694557959368265809
                  3.68427853536962768288
                 -0.52461250824632421619
                 -0.43910603002540443685
                 -0.45984855980782890494
                  2.94909891577284311026
                 -0.94981527223349926370
                  0.28306033109138678538
                  1.45570630641314702203
                 -0.44938802988213472078
                  0.08282153016413139335
                 -0.94743745551840463648
                  3.46157108367870591792
                 -0.99668057056558867490
                 -1.57529500500943342445
                 -0.71726361418128337100
                  0.17982643130768083406
                 -1.47490785574242044831
                  1.94664970801016079527
                 -2.82333999475909314114
                  0.42063276288627721167
                  0.45498815791437807743
                 -0.68521485216990796197
                 -3.48921393183558281592
                 -2.16121048830624840065
                  1.98739731709941214177
                  2.03410956929714847874
                  3.08371556255161927140
                 -3.80904263862911607319
                 -2.39748217370996030695
                  9.01001656129530736905
                  0.42153348024285020035
                 -0.24909888838648189258
                 -2.09283982292895354149
                 -0.63467032538056999957
                  0.38196753158280871698
                  2.16144434893778525364
                 -3.40397903456624684182
                  0.25188121802127783067
                 -1.27930060776732035244
                  0.59258313112133165212
                 -4.77600891346415590277
                  3.66091018514328014888
                  7.92402882449625511896
                 -0.42535313651223249920
                  0.09738850618788842672
                 -0.93942314037155394413
                  0.63082959791775750080
                  0.15747317429175650139
                  0.68468234010296669112
                  2.89735349617774495812
                  0.33467971590153006156
                 -3.79079425749228793308
                 -2.16047818086017962003
                  1.18060409969704083188
                 -0.72353164180365425739
                 -0.05495949487161370245
                 -0.96881124279344421613
                  1.47774689004406911685
                 -1.69483465634972541025
                 -0.07929585554680718129
                  1.28683432636783301461
                 -4.60773390253250614279
                 -1.65393689812778199588
                 -1.56046091603085779198
                  1.77828769149824195139
                  0.73793693326160547663
                  0.14260116387227902979
                  1.93335643788013822331
                  0.13600687379870743388
                  1.24794960780978292370
                 -2.71840221876838983306
                  1.41269757804813611557
                  3.65458578902080866158
                 -1.02454083438303067410
                 -5.18070680207197309386
                  0.78401120729820328314
                 -2.22540967794609656494
                  0.79235534475348290417
                 -0.63779913256573428360
                 -4.29311869860823858147
                 -0.44505144259208556656
                 -0.75086001477964359196
                  0.76215411877425232046
                 -0.51625135710790259758
                 -1.54762323983381611114
                  1.42872148976262502984
                  2.58266541703692853460
                 -3.67540212976390678890
                 -0.74899175496447178979
                 -0.88592632532290616076
                  2.09851322660013250854
                 -4.13232508657844110900
                 -5.80636862130334385768
                  0.91844217456719534631
                  2.49597569704249311329
                  1.36908741962133229109
                 -0.81120151725996014758
                 -0.09705066409428336760
                  0.15292644056858645252
                  4.52665164974964628897
                 -0.35744816850276184272
                  1.70148372294698724261
                  4.18011368453578846527
                  0.28784363538770729729
                  1.42955296903665729502
                  1.45768441112413760230
                 -2.27957394912244248886
                  0.86523823954553436000
                 -3.23353462217616938190
                 -2.28291677359168243555
                  0.69593928638406465925
                  1.05520886229206545259
                 -2.61364630118902763201
                  0.76921185493491628371
                 -0.37767834405791855801
                  2.91050813471160507717
                  3.08694953437650365657
                 -0.52116597793374963565
                  0.09013262685376390027
                 -1.60298351415570539125
                  2.24953424251506994835
                  1.15354562627593515423
                 -0.33787558781769633232
                 -0.84540632107633451042
                  1.33908974631902033536
                 -0.67582068602923073275
                 -0.48622495934587228739
                  2.00753572789364476137
                 -1.74410062286928435604
                 -1.58063240658806991590
                  0.66534830128373423364
                  1.28697140170208967902
                 -0.06165423841536346594
                 -0.68978289786575486264
                  0.99320104860438995775
                 -3.14555820733747193430
                  0.45878411018275888633
                  2.19321805522279600353
                 -0.55875447637330688533
                  1.02910940126677696860
                 -1.11109103638746464782
                 -0.49118921611271892935
                 -1.02283459579616931023
                 -1.73256486994970515525
                  0.34769309923070462753
                  0.93135323853833107410
                 -1.57671306998150950740
                  1.72894244817128739378
                  0.28326894006904257406
                 -0.79598303078347942829
                  1.44194684770733649870
                  2.39198079905309768378
                 -1.20765963639631790372
                 -0.71915204571128266142
                 -1.29813219822880965282
                  1.45612358856758872250
                  0.11665045739522261758
                 -0.84327640532983505484
                 -0.02028635227307856725
                 -0.51715731156068489582
                 -0.84870824394495059106
                  1.54987765050751469253
                 -0.29577547664607745093
                  1.30608116257817674644
                  0.76642779054184861920
                 -1.13415834567663731391
                  0.51814062549080197595
                  2.77340791785892815113
                 -0.75850384009063609447
                 -1.02189152910852354417
                 -2.48380500755399769020
                  1.00462609291366877784
                 -0.91994309840246524246
                 -0.96969154093293152830
                  1.11242900135711542120
                 -2.42512513879528279759
                  0.31945602772170111905
                 -2.38611529127057631072
                 -2.32264339877314629490
                  4.71967732023696751043
                  5.22968910909604378645
                  3.10332131218561269037
                  0.79551659089311432815
                  0.02026967395958464285
                 -1.96802987868419565487
                  1.87438662811555167842
                 -3.79326790502101429681
                 -0.88008378834947553759
                  0.80376334554604511595
                 -1.04654984918919069514
                  0.54029469932028273416
                 -2.91974245986025193744
                  4.08188060404866526198
                  1.04958492374719236651
                  1.24967744906859468124
                  2.57702874491779843069
                  0.54548197609892545845
                 -0.05331318942953869322
                 -0.94926034803684999908
                  1.07641309376781757479
                  2.28559273443717891894
                 -4.04472001922667256935
                  0.96533438123942216791
                  1.19015211821469968356
                  1.17097957295813803746
                 -1.15371423548996188124
                  0.30095173166295857703
                 -1.05487024729137579548
                 -2.21168352533762435641
                  2.59378459441149411546
                 -1.23964343773090934775
                 -5.89070055213748933198
                 -1.98162594872135855439
                 -0.99145105150802192995
                  2.33485930207270575565
                  0.38525570643537970783
                  0.58449962782170927778
                 -1.70425156746504136152
                  1.13185488420562552214
                 -1.01029825906888692799
                  0.90679418098060227127
                  1.14138073443619059155
                  6.56144311565130067265
                  2.55651630985112010563
                 -2.93999473718887305296
                 -4.45234065584779425961
                  0.12372985775826789157
                  2.69512278621553313940
                  4.32773762197086053760
                  3.12733326945998690860
                  1.52533386183968677763
                  2.34093316532861672741
                 -0.31713120173787562317
                  0.11805645887028687335
                 -1.17361580066264736821
                 -2.83350325908617950432
                 -3.30013924582526918527
                  0.48916478032929489039
                  3.25744384279412724226
                 -1.51348412214024108380
                  0.09434309155109911471
                  0.58048534526816930601
                  3.14708894932638294506
                 -2.71398141398448933259
                 -0.17051456333698153389
                  0.98362442549665851654
                  1.94097393238608995070
                  1.89620055839804946274
                  3.69855596107788020532
                 -0.44398721688051295819
                 -2.06369548752312281792
                 -3.76446144891842893188
                 -4.45954886607900391482
                 -1.98329392606272159050
                 -2.16097663760652558551
                  3.25802703893819334269
                  2.60188763672533118765
                  0.47774505044130860520
                 -1.81848617812030965979
                 -0.57752816436236487085
                 -2.28846804535411019188
                 -4.77382022452183907291
                  2.39344933763511846792
                  3.43752664711235089712
                 -1.92267176087592095435
                 -2.50223029000044050463
                 -0.78107270717647669933
                  0.12419772529217383561
                 -1.02209052286533164100
                 -0.30265820462691556125
                  1.72339766580505426852
                  0.45038524328239365468
                  1.53136515272985662683
                 -0.64883756211405752001
                 -0.14653975352254963727
                 -0.08165164071879493779
                 -0.80419855070382662010
                  1.55073318891281508591
                  2.68069062512698552680
                 -5.49399103844171321498
                 -0.61984739763882790164
                  0.27028692827133155019
                 -1.45352396293361874058
                  0.53442103908470217632
                 -0.10838501883051950003
                 -3.16665852746994458400
                  0.59339355514185265772
                 -0.01212884445345452887
                  1.41913097780668340242
                 -2.17739733605065532984
                  2.10589314650204739721
                  2.27531183240070067342
                 -2.17248724705112516986
                 -0.17779405392732625102
                  1.34970318921611176499
                  0.92431642359148524779
                 -0.59567394208403223743
                 -2.07757996180321491408
                 -1.17627638222794517198
                 -0.65390397788901022391
                 -1.02239146458609275747
                 -0.80216625074919578609
                  0.08980796376526047065
                  0.35932492196212661995
                  0.00570708046477494835
                  0.65185304817115108378
                 -1.37674234808455131507
                  0.34682017709962059682
                  1.08630837647571110161
                 -0.03195301937125032132
                  0.71253113011204693983
                  3.41049820321526775402
                  0.35513981067278138637
                  1.49694414270398090672
                  1.17183102360779889395
                  0.39065682085751685104
                 -0.63756302395571007313
                  0.44867014106592378875
                 -0.73913889047666314625
                  0.27087429845917204707
                 -0.47477516298052940824
                  0.25451339192386146504
                  1.21782245841889236182
                 -0.16623012308613124843
                 -1.25538313564967118907
                 -0.30248627173853337435
                 -0.27395432527335356054
                 -3.02768744499814390636
                  0.58250067644629410779
                  1.52862438219709106946
                 -1.29197930140157457579
                 -0.29803159116091565428
                 -0.36224928177789955663
                  2.15407896692812572681
                 -0.28816276095958964776
                  2.20870391243270747239
                  0.13472369403738998495
                 -0.04450794713830575483
                  0.05948234360799015130
                 -0.09900544303467473384
                  0.82685136164903050293
                  0.98023065224498484582
                  3.27878357644786877501
                  1.26585337971325828654
                 -0.79791687784604692357
                  0.60817458682138725301
                  0.27184613578797595101
                 -0.78940056528088609067
                 -0.53866381238539595699
                 -0.82959038497781800725
                 -1.50511579608129109076
                 -4.03908151847955565472
                  2.73205858813022750553
                 -2.25747324608922994571
                 -0.70935837958922243196
                 -0.94493472641757558783
                  0.76733516719034289277
                 -0.23884465188553935522
                 -0.63587678491117838320
                  1.11169003200426841360
                  1.13134614072566286325
                 -1.14046773409151236400
                  0.36930123878299075946
                  0.11237884023795255417
                  0.61583275701266615432
                 -0.03171623059138849871
                 -1.17133070026169949784
                  0.12137287766518282950
                 -0.55672624246160518080
                 -0.65239269385803633217
                 -0.07691064472111665273
                  0.20390855207757435652
                  0.02227423640193708712
                  0.34980884324142280661
                  1.42889250900532260857
                  0.92232056886240720850
                 -0.87620225734659806793
                  0.14254524158709289128
                  0.14057349411312836107
                  0.33592642025869656752
                  1.01814357198898619572
                 -2.28902421364786778923
                  0.52085264219813753872
                  0.86275133545128412926
                 -0.15489277644402071887
                 -1.00670932014461311788
                 -0.38552458957994223399
                  0.53957934111050476211
                 -1.63088633910351310519
                 -0.46536240341067475201
                 -0.08951061278656924358
                  1.41619005538404652000
                 -1.82658635389751888845
                 -1.00121654458688635891
                  0.61361970342875415962
                 -0.84160489259842430343
                  0.88653348898922845756
                 -0.66722875329913988729
                  0.64904439127077184768
                  0.60945992018481154329
                 -0.48301116861693910165
                  0.04762495886763543074
                  1.39073457527551958002
                  1.19655069575144801242
                 -1.75033645262762949102
                  1.37315507505796463583
                  0.44549779408112644141
                 -0.90421840152187338280
                  0.26552283582020025365
                  0.71493717381593080429
                 -0.27360083190572676015
                 -0.64484258574212560688
                 -0.38055224563315459552
                  0.14081365644847421148
                 -0.12450863042977104722
                 -0.57164314644371150287
                  1.44728970137427070952
                 -1.15563094528287657603
                  1.81546885188883311280
                 -0.78510634170429483003
                 -0.81735829795178682744
                 -0.78527313082059924110
                 -0.31262602148901896815
                  2.55888919708243811613
                  2.71543942696266560333
                 -1.75331985488999642087
                  0.82044969325780225944
                 -1.61789172058475316796
                  0.20734873591597235976
                 -3.67837780680403625411
                 -1.70929058196073468956
                  0.76238080233844363054
                  0.14122715061725155117
                  2.27521710501480578515
                  1.88591034535869939148
                 -2.12459470410231521242
                  3.29396244058872289528
                 -0.29686293418828385571
                 -1.76724174719574267378
                 -0.57086067830270381673
                 -0.04487724422594784046
                 -1.33005106047183141449
                 -5.48893035581620303276
                 -3.54780322217315990940
                  0.03435240182187283831
                  6.19760684890240742817
                 -0.41981054866536582360
                 -0.94491753903123654190
                 -1.01334446897559971035
                 -0.82191826422051716960
                 -1.01587461662230893467
                  3.84930851550011876583
                  1.92663921577224761528
                  1.77198729253281506146
                  0.46923170513180667562
                  7.50534198694811216512
                 -2.23715795348267798559
                 -1.72936504665025325700
                 -1.36994091731420697400
                  1.99202504985753248157
                  0.79263087052255953857
                  1.40397216181398576396
                 -3.32975255666988445569
                 -0.55907954500769385664
                  0.39336001279016047372
                 -0.75772839530837443611
                  3.44314061421425732235
                  0.16754053042175873212
                  2.07579255239194715443
                 -0.15749802840992938036
                 -3.98759424842659626620
                  5.35078742554784447805
                 -2.40518095846182422548
                  0.88729013619656815770
                 -4.76005600709345522148
                  2.81642965865585725993
                 -2.65856798386484616259
                  5.44754689727218721629
                  0.48156018350121171379
                  0.04712038580566710322
                 -0.80934314928598682926
                 -0.57641286085262777306
                  1.11707944113396440144
                  0.92364461141120912657
                 -0.98415537564547572735
                 -3.97616902468393806913
                 -1.45117530750919576654
                 -2.34839805122294320583
                  5.17689002188551494754
                 -0.27604395701116501982
                  2.32025443412652210284
                 -1.23837648015014667457
                  0.48864125078813214209
                 -0.21041336398008059216
                  3.07642282077689710462
                 -4.66373147441809710045
                  2.67919080849290791591
                 -1.92942718486315456516
                  0.91020757508673644232
                 -2.37290448507314222226
                  0.35206731449902800568
                  0.95774631556669942434
                 -0.79017750731783831242
                  0.16805568180043467530
                  2.04209308376638842830
                 -1.56675977159766954827
                 -0.84202550156920419333
                 -1.21240191273653441506
                 -0.11496681414491083384
                  3.79135158206525080260
                 -2.29709494351455534300
                 -2.39866162187492726332
                 -0.95388129086041617555
                  1.36101798739625134971
                  4.01189036409354748969
                  1.04229691097003995814
                 -1.80825632726053497912
                 -0.70419028017618068294
                 -0.39858155300867009752
                  0.49284002699004297865
                  1.24539643192699078789
                 -0.67009135537133512894
                  0.51652607629872404615
                  1.99340763268329435043
                 -1.25941967464301485258
                 -0.40583945276238253541
                  0.48030423109326902953
                 -0.45460003536938903279
                  0.71612873008130795149
                  0.94390727736724766572
                 -0.78051991069276738244
                  1.20330259174039211345
                 -0.38798007593501854240
                 -0.43053343925307868689
                  0.23626825062498069130
                 -0.04633983483171540824
                  0.16580038911533856449
                  0.12958415421191460393
                 -0.67625547201916913487
                  0.10234685866951204192
                 -2.23057993659769371320
                  1.92595905269220657452
                 -0.77915611837329945555
                 -0.13174013223521960358
                  0.46105280419279814907
                  0.86467990379192094519
                  0.15088620622928697323
                 -0.93135643726314598645
                  0.54699433350580151103
                 -1.05372803385777391583
                 -0.84359186127120400212
                 -1.58255098632384738622
                  1.31518758521645717785
                 -2.60068425238668954336
                 -0.86065982807567309454
                  1.99981530485988767687
                 -0.54768069008458641900
                  0.46984015219360986126
                 -0.07828998839270805143
                 -0.56311653895745583664
                 -1.55950164023912463129
                 -0.48176675147124226051
                 -1.06428816118359503839
                  1.34603494353433150721
                  1.73834853464544791812
                 -1.28413130822961130129
                  1.22264651520183109668
                 -0.02283535032271996612
                 -2.96908543180317430199
                  2.15956948468526599427
                 -1.56113912436697988007
                 -1.31992427923437194437
                  0.03784266578778687495
                  0.68568228952003607013
                  2.37358295659250462251
                  1.30986149386841477238
                  2.26329394359174029816
                  0.13673182905055258907
                  0.33678621045303547277
                  0.66953751240188696947
                  1.50676405896222842529
                 -0.35755635083753800618
                  0.67492757568385908229
                 -0.29587746275193727019
                  0.92518526863262295912
                 -1.22762067510583983143
                  0.29619864935309458964
                 -1.94782281422468561694
                  1.95995288486931085181
                  1.31196589580308886624
                 -2.14876537896210217937
                 -0.34119719275212856413
                 -0.56768483963675153703
                  2.34194067775299608059
                 -0.23587366294978359682
                 -0.18237287497149662352
                 -0.35644246255486766728
                  1.14205231128078987801
                  0.14699611321959119015
                 -0.12047351175368833931
                  1.24556059379227002104
                 -1.45054418510783578178
                  1.13239919355583396054
                 -0.49594332948420533080
                  0.00752585808075224502
                 -1.55106282910757409255
                 -0.52056704132993814049
                  0.03139338729583306120
                 -1.48295490855672529307
                  0.86986549892781295235
                  0.60470855355824759680
                  0.13966133822807089149
                 -1.15687375922731727762
                  1.44565173175493955071
                  1.46059019897698294521
                 -0.45528204914052006202
                  1.33184033216922492748
                 -0.73679182985287461349
                  0.14929043819327866838
                 -0.00473805628354848421
                  0.95862313646958174918
                 -0.48952060777144545956
                  2.28202810077390916277
                 -1.86917504036379034105
                 -0.63524862414664717836
                 -1.38949089882732135237
                 -1.52474451381257747329
                  0.48084809635475755929
                  1.55463661392261021099
                 -2.04487777000601189670
                  0.58374187025167934006
                 -1.89197614104437050742
                 -1.88513185066847421822
                 -1.70912745229583995510
                 -0.79485519094316758881
                  1.17707902593139190905
                 -0.15127761425156308062
                  0.02838983046470696520
                  0.59291764323821349869
                 -0.74629269205413639732
                 -0.42809533703797864046
                  0.53420135583843375571
                  0.29191442065855854882
                 -1.13485338479534747513
                  0.20088571445873321109
                  0.28865872358468080972
                 -0.36247373191085369148
                  1.18677286267682657872
                  0.21523113683542577368
                  0.91715282416362908791
                  0.35132072685060589112
                 -2.08972438496739743030
                 -0.37385642801672480662
                  0.78710813510202826127
                  0.03074952846899731487
                 -0.04475475702343480883
                  0.07201659122670012181
                  1.50913312404099486663
                 -3.43454644941862863305
                  5.42264995928132531589
                  6.44531519664168062178
                 -0.38671670270122887603
                  0.08841438082135755216
                  1.57382386065585677670
                  2.36776068019690200117
                  0.33450353812804994869
                 -0.33934783263753259819
                 -6.73767228065136158932
                  3.18395600983390236749
                  4.50566141024816246841
                 -0.03731909348789417408
                  0.43711639493713627669
                  2.46478125691051586088
                 -3.72412917668718357334
                 -0.39415462676543239207
                  0.91604526413213205327
                  2.53623718008578435956
                  0.44328984133892601616
                  2.32505898620230055940
                 -2.51837819010037566869
                 -2.01768526610802734211
                  1.17524848652903735058
                  0.96721084651008348843
                  0.30958267203347378249
                 -0.18439561587092315187
                 -0.66228984926680256606
                 -0.88011744472435271547
                  4.82088023805835863556
                 -1.31711543873436864871
                  1.55161027194697154208
                 -0.15069927825031453894
                  3.22186482349191738450
                 -0.60225234798984517148
                  0.83650549946093388787
                  0.06000854538690425510
                 -0.56850800452998673240
                  0.10224930670179389891
                  0.65862177380180986219
                  1.31792612330902647599
                 -2.54565231105102540710
                 -4.69752206514284420535
                  0.00918750350296819451
                  0.78902708863078419022
                 -0.05146195949736048075
                 -0.32117161784788811341
                 -0.12211649646977018602
                 -0.37435349149495633636
                  2.68738291948240837215
                 -2.14621136650336152840
                  0.79337858240917902286
                 -0.02966909631982639003
                  1.90938480133300325647
                  0.05086905783103033013
                  0.53818489818769377209
                 -0.18004832661468783694
                 -1.49705288317547724475
                  0.45223624475484869301
                 -0.11013392883952972945
                  2.93111483333888811487
                  2.37580885237691008527
                  4.91356237703297438202
                 -1.22861728741025522105
                 -2.13639145643699279731
                  2.09895455647530448928
                  2.52107208540219707160
                  1.33909894273253504693
                  0.69269870762737306702
                 -0.17589275315503929975
                  2.63482962950765697840
                 -1.30758432381113021137
                  1.15132333334005676484
                  0.76836593298299793453
                 -2.14032682826749098837
                  0.18807164103104209718
                  0.63901425937125022614
                  2.19164207422430434846
                 -0.53268078388458395267
                 -0.16775292815817705039
                  1.12926552162996274298
                  0.62244126252289777579
                  1.69538998319444456087
                  1.47138281384809022079
                  0.68270504004009602284
                  0.12731055723311987538
                  0.53431144432220289975
                  1.24501635310012082059
                 -0.34560219046540641141
                 -0.45581895075300349340
                  3.17738528943813358651
                 -0.49711320389131252728
                  1.49633062232308411410
                 -0.40676889281047245994
                  0.53647192640894825200
                  1.17727415218408304476
                 -1.30172195229325615706
                  2.26011588992283485311
                  0.55126305019618071501
                 -0.22570115902447335232
                  2.03119329570800211116
                 -0.65570346521357514291
                 -0.59675321887677612587
                  2.91362518352413024658
                  0.70997954994113532390
                  0.37576889345620717586
                  0.38363979423506089361
                 -0.42516964003279017481
                 -0.88584510341843147874
                  2.82099211870684563053
                 -0.01637099169788987577
                  0.84461091704277246883
                  0.36760404189063561331
                  0.63383929155815277312
                 -0.55074560819508211473
                  0.89398736125530708918
                 -0.46783597039203561607
                  0.01010904035202126253
                  0.41689746876152294908
                 -0.24061071802454389590
                  6.92448034750182728203
                 -6.09128452484103721787
                 -5.57414564325273342860
                 -2.39689634630862435927
                  5.78812774610064550984
                  0.98491227343761811319
                 -4.77515020826105285323
                 -2.67047465103430825550
                  2.76155098730563963727
                  8.99725032045412120851
                 -3.36933905878581496651
                 -2.15003895300063430085
                  2.01617866069212592350
                  1.29069600434148257229
                 -6.82306411298645709707
                  4.40725285950862311068
                  0.78105185758844852817
                 -1.20021347769110664494
                 -2.05298716123596447503
                 -0.64965423824321721913
                  0.95755044872322669924
                  1.04170471149538346189
                 -0.07942424233880285289
                  2.39518826898264203251
                  1.09685971323226461038
                 -0.15610107077302171064
                  0.83325761526662678325
                  1.69653778978030445046
                 -1.79341527908110243139
                  1.80328266845386187001
                  2.27974883532940308939
                 -0.79206792898106415102
                  1.37595877895807028324
                 -1.99637722967684871911
                  1.20406378468167307716
                 -0.65361542611362954958
                 -0.87275618661974918577
                  4.00871101596052081817
                  0.47050443901813049363
                  0.19316993514950836497
                  3.15663344295813841356
                  2.40359514933578344298
                  3.38476660195445733237
                  1.92576306629375926249
                 -0.59785242787803094533
                  0.27056509495051345171
                  2.80753296337103463998
                  0.66539022358024846326
                 -1.62635419100250433466
                 -1.95551084617989157088
                  1.62341444172877080732
                  0.75741134489589578838
                  2.42435674229882947017
                  1.64968477708669292170
                 -1.72986372144661548766
                 -0.91015371937143940695
                  1.30894420436959624254
                  0.77940007684903533924
                 -1.57536657479020503203
                  2.47149188767378769072
                 -0.32334583481707918073
                 -7.95987745309692051876
                  3.93845119799925935666
                  1.68881330821700048617
                  2.14352055956336196019
                  1.43941595169589664494
                  0.64518881300284158797
                  0.28130357692723201302
                  1.28686217681346892761
                  1.84993986265982002237
                  1.71855103595037994602
                 -1.96844619234179640799
                 -0.80360038287267687718
                  5.10037510578703479069
                  4.19575906451368929595
                  0.35547682222565035737
                 -1.24626563049836880381
                  0.01235260557303288070
                  2.07229503465044828658
                 -1.85087408995082314256
                 -2.62435967801395308996
                  4.49595039029959409049
                  6.78059779011636809543
                  1.43801974300265089646
                 -5.06946294334767166845
                 -1.24082244126470686574
                  7.10798767992593472087
                  2.82387190276106903042
                 -4.56705942907306994272
                 -0.63627184061023145389
                  9.29455229862992737822
                 -0.23883674046668851298
                  1.51268170836516224753
                 -1.91964494190927670303
                 -0.78605954361911967165
                 -2.14485785617792057423
                 -1.81865590533211030078
                  3.29903889929153448790
                 -3.25344054688424355604
                  2.90326429775983152481
                 -0.66106032380939638848
                 -2.25485393303429271228
                 -1.22708113305253285752
                  3.69774194186289628661
                 -1.82682392853719033354
                  0.63626726049760740089
                  0.08364356402782792410
                  2.92944868964912386033
                  1.57297382337586322265
                 -5.20073487737586059865
                 -0.77076055037090873689
                 -1.32573837178685427496
                 -1.79373998949887014653
                  4.11265009777052448214
                  3.61868915688220749161
                 -0.58906627251871990225
                  0.81440941874377970056
                  1.15441044145676841026
                  2.01748708263326781420
                  0.72852232065127686678
                  1.23408554050274177349
                 -3.20261455340414702420
                 -5.54776699982174203996
                 -0.79997317483126773041
                  0.94080711944194339580
                 -0.41713775658860596796
                 -0.24933583827599478666
                 -0.13250778489317838194
                  0.00601530842210201873
                  3.41273293130609989277
                 -2.02488419382032214244
                  0.94197774025766500827
                  0.09859228988304645502
                  3.23767146015819884397
                 -0.73136044978391423488
                  0.29453529427653263317
                  0.22142446657595182824
                 -0.89518723418030266004
                  0.64777920189378845883
                 -0.05671267897112362150
                 -0.70447250922393889194
                  0.96073164547106515432
                  0.94584944917881808024
                 -0.27644752637834446585
                 -0.04666176972883860630
                  0.56538481178361488233
                  0.80456272481638724248
                  0.15924278223377044683
                  0.02140456239018095203
                 -1.16317311800853362413
                  1.44391266574619425711
                  0.35958866960218316411
                 -0.01128231869249510938
                 -2.02524896674261656315
                 -0.13500378581509228648
                  0.13143930996256730781
                 -0.08330745926885321784
                 -0.46123298782783972438
                 -0.17506731418789131527
                  0.53636069456885659967
                 -1.47309230710159866362
                 -0.33560218081667925194
                 -0.86377838926912742235
                 -2.55275126832151455503
                 -0.72180074302588381752
                  0.24212158639090761159
                 -0.41473956211700002683
                 -0.88288979928564725874
                  0.92790124855417288607
                 -0.65124961951993887155
                 -2.75987927176261660378
                 -0.08485184636823846216
                 -1.36367528261320503091
                 -0.40921309125302851584
                 -0.41960003412161822611
                 -1.37112645729818383167
                  0.98228188403337890477
                 -2.84742007735073698882
                 -0.53710889913221016023
                  0.38403940445526307812
                  0.70853517380111086243
                 -1.53096370316494123642
                 -0.14188695148956459446
                 -1.15518691494475711501
                  0.54384496295743756100
                 -0.55915001231863659115
                 -1.08881849828069632302
                  0.77250223940850781812
                  1.15030274953988498332
                  2.24301401178878156983
                 -0.88165690257168793931
                  0.63409292160337338284
                  0.55088908089699262227
                  0.21947398652243493844
                 -0.39027515729302708625
                 -0.02529226871885599179
                 -0.60843364669244981435
                 -2.39845826740668188748
                 -0.09097291800872217560
                  0.32029948656377765781
                  1.21915452998966622467
                  0.06901043969839437686
                  1.89825938266602345372
                  1.18453495905328032300
                 -0.06403198213310587472
                  0.46464443423403634092
                  0.28915401033882304205
                 -0.23348516856864709457
                 -0.59835342494151444459
                  1.39048586263718076950
                  0.77936213167055390372
                 -0.35215442064496232932
                  0.36319388799554747083
                 -1.30122933512117100463
                 -0.58303638276657543393
                 -0.37838136512768810737
                 -0.63028552697607975741
                 -0.52322371160018188441
                  0.24205041278668831817
                 -0.99877117853564334471
                 -3.25339577173338412308
                  5.85996040710548449226
                 -8.89309637529065000194
                 -9.09655646455769506531
                 -0.61937399562418382626
                 -0.86049077240449201032
                 -1.71847899599655606906
                 -4.81341506468001423258
                  2.40519407365757853512
                 -2.99497604167260211838
                 -4.47574458084789483792
                  3.62966466810108068231
                 -1.00168248479960086961
                  1.09042554895160348494
                  0.93759213654730244603
                  2.91880545310703043427
                 -0.54332211291945842202
                 -0.60478506067376192057
                 -2.82643272631102293602
                 -0.50276966596522632003
                  0.31366240445249143898
                  0.43117615460373881486
                 -0.00492376004959197387
                  0.06911166792327200215
                  0.45408284485588062962
                  0.76329684982474677035
                 -0.18639129356298789197
                 -0.38011467780488511492
                 -0.37047413901822523474
                 -0.10929144110852009875
                  0.06052029215655517491
                 -0.35771645044097216681
                 -0.42996575603904146901
                  2.95268282753918009931
                  0.23099031052390800456
                 -0.73462647129203151319
                  0.08306335296504671617
                 -0.72869387093696302848
                  0.13765393413350104912
                 -1.44800946157355903132
                 -0.00222532128279682344
                  0.99927091198525530569
                  0.09024107933999478415
                  0.22595298193331478376
                  1.09844054806175916994
                  1.33087762753741145616
                  0.60300650850253101343
                  0.43453709588394856533
                 -0.43207123397679086940
                 -1.58863326459043707750
                  0.89790253799415564728
                 -0.77509461467668905321
                  0.38507279027344260003
                  1.05444577780492898533
                  0.23912640340834034891
                 -1.36485955056808583308
                  0.64179874913538470516
                  1.15474610504912278408
                  0.35184459118628236274
                  0.16605208550656858080
                 -3.02974236907795546614
                  0.37445735244909456041
                  0.05691975153718190766
                 -0.31180277837818420883
                 -1.08805969001216040759
                  0.59179554137058554275
                  2.48627567629740298116
                  1.01618853055495184101
                 -0.98381166259174002153
                 -1.63449927797527672091
                  1.78115419413916975522
                 -1.52493248950992854596
                 -0.46602451733771810272
                  1.09490988766727626036
                 -0.13874553600096586892
                 -1.99215443793430702080
                 -0.22493563553523440723
                  2.03623821370485647009
                  0.51131673455692749908
                 -0.54261481687594437240
                 -1.75018475808737927757
                  2.01609016200995094792
                  1.50682084328069354484
                 -0.83407053136147613071
                 -0.73654773102276127617
                 -0.24838037674773721930
                 -0.00692306794532217534
                  0.34376363930462994212
                  0.63378497576015757620
                 -3.79580740488872514504
                  0.68366181981070850426
                 -1.28223722779579407671
                 -0.00991319117400322504
                 -2.23236492864980418105
                  0.59509545599458679721
                 -0.76244295747808632502
                  0.04267760008509667580
                  0.50972628813691955862
                 -0.24886122594229312388
                  0.86722179554510392396
                 -0.04448767054891819561
                 -0.53326661350802617712
                 -0.98942311504117119725
                 -0.24642745556044354238
                  0.49739525392768973999
                 -0.73268596676879893526
                  0.99357167829763548550
                  0.96190993441566052802
                 -0.18193927786695993087
                  1.25387318941258429916
                  0.51980913063531453133
                 -1.12825810579073215756
                  0.97870388907923100419
                  0.09659563321644619449
                 -0.50030674723609669385
                 -1.37998670752522012428
                  0.68845774714134388983
                  0.19834087316672432966
                  0.48622874771605700817
                  0.99605793741410464381
                 -3.41006627468616452248
                  1.83210408157714321753
                 -2.26354281978065152714
                  0.03931933140256262116
                 -1.55061668730416979400
                 -2.32910604941367260778
                 -0.57651087510054122021
                 -2.10864705399869034608
                 -3.48844721525621892511
                 -0.98106282916058784593
                 -0.70362027155279827095
                 -1.81829815789103244050
                  0.52186692509399101869
                 -4.15790256440898886581
                  0.89260418125380158738
                 -0.42332999522587805297
                 -0.01744311868552941153
                  2.29886160901611402707
                 -3.87358567257191843680
                  0.99089065832899103636
                 -0.71302664695239337256
                 -1.22470079317427482657
                 -2.94243593398723568555
                 -1.34084585877287221223
                 -0.32139298451323056183
                 -0.99932051725222736938
                 -0.40841839534527579758
                  0.13043257633018098818
                  0.57824389316650404158
                  0.21445868334094583818
                 -0.64247381875044484723
                  0.80179283520872624003
                 -0.70854913514952322373
                  1.97365775673892485109
                 -0.11264084894089525235
                  0.89617754838572771803
                  0.25819244306539734790
                  0.70677456582104125626
                 -0.21885317458190109430
                 -0.19323105791148612043
                 -0.24954692195127892163
                  1.28271697583682353638
                  1.80253471790026575938
                  0.52293979038800963988
                 -0.88103292597075211212
                  0.14566210287832453973
                 -1.94240305134218904648
                  0.09220867467530889650
                  0.41075424309448099747
                 -2.12434917103524956161
                 -1.15360730486703055853
                 -0.02091117783175608369
                  0.49924035477482869849
                 -2.27343484951984375897
                  0.08847359717320563144
                  1.07633705904300125411
                  0.30127365324621396825
                 -0.29676338814577318814
                 -0.69009473451991676374
                 -0.12087198559876607962
                 -0.19418291393773756681
                 -0.09422332150577764076
                  0.78606264369032452510
                 -0.58261580204411367312
                  0.07758510568763239690
                  0.35225724155702897722
                 -0.50656729160771241105
                  0.34735164962402992339
                  0.37266887902952194889
                  1.39570231304101000092
                 -0.59810992421477371384
                  0.48578874981532288446
                  0.02777776462579875996
                  0.22218532815482097686
                 -0.38128211551052515471
                  0.02050587813939941731
                 -0.57050270031746008748
                  0.07998972589785176279
                 -0.32152529949992325609
                  0.95625344163138936704
                  1.20233873082110820363
                 -0.97830976805503055971
                 -2.01841506476449339402
                  0.66954450542191623619
                  0.33441499502572341607
                 -1.68286289983008208182
                  1.49493757593092868596
                  0.71046934559821828259
                 -0.26781246838010697164
                  1.02716107144465995660
                 -0.61322487249803081522
                  0.58923180268848096564
                  1.60191624573166757628
                 -1.32378736059357415833
                 -0.58200672390465546524
                  1.78808058785844314897
                 -0.25367131279505461539
                 -2.09534812140310044981
                 -0.64287764187252394166
                 -0.53795801059488979057
                  1.99594187969786274195
                 -1.28511516419815152723
                  2.90339907252954754213
                  2.68969447452400345355
                  1.23693822170564793339
                 -0.59478259771392605337
                  1.14973551099567972145
                  0.24340869987945598640
                 -1.01573115361097876530
                  0.99143054634663563274
                  3.26333372197595439346
                 -0.79164021431509323801
                  0.50395742569473001016
                  0.57398702810792667783
                 -0.00677207824539813145
                 -0.05922997346276400593
                  0.18127087203172559393
                 -0.12989505599227790800
                  0.75686903977203690008
                 -0.72321800974701977438
                  0.51196720409119778061
                  0.13270230196579602122
                 -0.36494327409509752513
                 -0.59870779436475607405
                  0.44500130048725622389
                 -0.83904147095407555224
                  0.44122442496387037636
                 -0.18722186189058251382
                  0.30359336099146061461
                  1.02037603948696409262
                 -1.17050091210953732812
                 -0.44223433913026982678
                  0.18299450998382318923
                 -0.50865826053924456662
                  0.03255361626725547519
                 -0.72730825084574091122
                 -0.97935795309737483372
                 -0.80251052992389260154
                 -0.01785462719863555037
                 -0.06632564036324027634
                 -0.59432870292574246918
                  1.09843506234810961431
                  0.71409702828512144901
                 -0.00673294566324238435
                  0.18677225352727330754
                 -0.04885346667364676154
                  0.44783768047309308047
                  1.13993714954793601279
                 -0.09732993840129744445
                 -0.32884071521483299039
                  1.49368059063980940238
                 -1.30523217213507414236
                  0.67689449423568592845
                  0.28716108426161596201
                 -0.50747040345349359036
                 -1.69578271425316784438
                  0.41227903031583462701
                  0.33813828571855480964
                  0.16664296398204242466
                  0.31804012152532001867
                 -0.05121051534452999987
                  0.30853791699738575272
                  3.00295065026355212368
                 -0.64541343754797353416
                  0.21950060130537671355
                 -0.14065263479267406388
                  0.64381034932405722948
                 -0.71590125130796899988
                  0.06386803144479141769
                 -1.25748032546249377539
                  1.79601844231963259091
                  0.64236744774207188424
                 -1.85495710978152139603
                 -1.19462948912449151706
                 -0.32761007500132977022
                  1.75909780353360578609
                 -0.70899677446416631277
                  0.38740158251237805098
                 -0.56750486377615583233
                 -1.22254863099495714174
                  1.07944645438313302499
                  0.04682041314944412891
                 -1.34692862311570160649
                  0.09617438141730719203
                  0.25327478954025156588
                 -0.24962642964434164639
                  0.21037769880806966860
                  0.46190967827963191894
                 -0.30873782497428031713
                  0.49644949694966206133
                  1.30575474128712887278
                 -0.89736934497939591093
                  1.45383124927918050417
                  0.43319670374152846604
                  0.34050876356262199662
                 -0.58170148544446786953
                  0.41818916726307026055
                  2.23015499761715307869
                  0.53115064270848033612
                 -0.33912875775530865186
                 -1.45497161612884173820
                  3.40665152668831483496
                  1.96647068925576684606
                  0.70776368419931168230
                 -1.25005396279908587154
                  0.01650735487322924078
                  0.18267222252295212126
                  1.56374331513779796232
                 -0.17850511717827635683
                 -3.56231118660685019961
                  3.03467807033581005172
                 -2.06426279510642762816
                 -0.12876963643945149585
                 -2.33436019714172182660
                  0.06124909445132018654
                 -1.48100699033001315108
                 -0.13046194908466207663
                  2.52706358531018437930
                  0.00563702156974761441
                  0.29545321211988834209
                 -0.09611564395909448499
                  0.19682800908047243249
                  1.21496568082906786223
                 -0.38741674202293507889
                  1.25435666803069834074
                 -0.55270060954799837827
                  0.58077363894331412997
                 -1.17416229465599819548
                 -0.77134169301147470499
                  1.65217258413870871081
                  0.59074827094090975876
                 -0.48901328259682064203
                 -0.21037908649847938958
                 -1.21703805615012261576
                  0.45903548057914045355
                 -0.00173788893801246039
                 -1.18870119173427579717
                  0.42058520635869828252
                  0.07973325445860375560
                 -0.02675903285353668434
                 -0.71087603978841362729
                  1.24205474529220039059
                  2.00670269995518424366
                 -0.26975631065252125840
                 -0.35248247750540495637
                  0.29490272915332454984
                 -0.51685848316893701071
                  0.03436801619480239073
                  0.67456122594405487636
                 -1.75698426693231257723
                  0.27263374536797030379
                 -0.45325458285356923227
                  0.20885474079850596674
                 -1.67155633176236251280
                  0.08952442630541314339
                 -0.64103152337687052675
                  0.15503512660251544952
                  1.95721101374897776815
                 -0.15511342603132230455
                  0.49740018317892448207
                 -0.89732758704938753169
                  2.29702045290841594394
                  1.26933780899616621696
                  0.84002738789072961545
                 -1.21226066221565664804
                  0.07174887443274173549
                 -2.59149537299042265204
                  0.17485680155345539877
                  0.13572024163607879221
                 -4.63490613103590298749
                 -1.46484392417729258895
                 -0.55267737526604143738
                  0.29999417694563829118
                 -2.80210085970407085654
                  0.30575860515683200846
                  1.00975401885573501382
                  0.10184867698727173568
                 -0.83729211638174316779
                 -0.35210202105296029007
                  0.12843083838804481012
                 -0.45681326862378107689
                  2.39093809234138987563
                  5.15248560908162911431
                  0.41136285240589282042
                 -0.68210193472976543561
                  1.38674283999562253378
                 -0.39610683784680256192
                  0.39371675127182059750
                  0.63649813503237373524
                 -2.29078425925334228097
                  1.68467267393629960281
                 -0.63776891244177258411
                  0.12581706449251917057
                 -2.01443380425752494034
                  0.91933180646304724082
                 -0.03922419087082081729
                 -0.78899991896656462842
                  0.74742700013619578492
                 -0.45448782209026766798
                 -0.28973290706057813759
                  2.04781111825727268894
                 -1.96141676201024406367
                 -4.32491603656812539924
                  0.20762691671962882345
                  2.16044663075862830581
                 -0.94135284583407008441
                  1.79350876845040718699
                 -0.07251888609256799956
                 -0.46235023887611442772
                  2.68377651656090510102
                 -2.00311090322659346441
                  0.81959100825829178660
                  2.39462047286498069809
                  2.48884756340080759429
                 -1.35552412516321774127
                  0.14820800636566053288
                  2.02865706537244161467
                 -5.51314339098625083579
                 -0.37577203246955392935
                  1.90943242694182457875
                 -0.01919616998745889494
                  3.14560158382274357436
                  6.50605337704918884612
                 -0.25817700836673557196
                 -2.79982502863896032252
                  0.56566919898326850635
                  3.53710448962263335204
                 -0.31338181791067887261
                 -2.44606577490188747959
                 -0.21979818322933528107
                  3.39352875270856824130
                 -1.09528397761048812420
                 -0.22620028153693130801
                  1.12932252166553559469
                 -1.62119828355647710438
                  0.38247160063483054415
                  0.04235163211695425894
                  2.05326708291312831633
                 -0.82318744835182566799
                  0.14162145324313354933
                  0.53078837207498130724
                  0.67435589207215163032
                  0.29145856587087071166
                  0.29641796332234554567
                  0.81546869933164511934
                 -0.30753251017789701161
                  0.86776309333598111717
                 -1.46282246850293717877
                  0.19539656248679576622
                 -1.82696177160004746831
                  1.28061871259221815578
                  1.70050282564561938692
                 -2.23704911131817851810
                  0.08536854505952046202
                 -0.70163028498783175380
                  2.45809390165187302557
                  0.09898643071128553073
                 -0.56710263186493325982
                 -0.26776084163381630443
                  1.44127655261169995704
                  0.66550733760844349440
                 -0.55332534865011107073
                  1.01516599232939919162
                 -1.31331547136966553246
                 -0.02141349351355738978
                  0.88242838344454177513
                  1.64313309886071556853
                  1.27641153701679388455
                  0.77135508562396970511
                  2.07248629608398671209
                  2.58621433712427206686
                  0.28361238285325479636
                  0.92338419619529465976
                  0.93266363141044639207
                  1.25778915822056025497
                  0.25030567029101236098
                 -1.59484920620980030748
                  1.95371126236760339623
                  0.04737781109221771147
                 -0.92789080230461529197
                 -2.37146726180049327581
                  2.06459179329209829845
                  0.66952043686198847716
                 -1.83317831331579705889
                 -0.82541291122196192021
                 -1.87665346567904745001
                 -3.67459711291285628931
                 -2.98110937454356061949
                 -2.21785658953119524384
                  4.78051838324483036047
                  1.65103018560245828894
                  1.87689075856400666709
                 -0.01611131466103558549
                  0.57392719421136539903
                  1.05043282218749234325
                  2.04357309222565941553
                  0.44315425936981001076
                  3.54840842217231777767
                 -3.31622183239840540026
                  2.21850411450285056603
                 -2.83692679449083717813
                  1.57505215482572857866
                 -3.58940765980447551442
                 -3.24580146602797725564
                  2.43055914057229083269
                 -2.84003422470521371679
                  3.42213224252979930640
                  4.21515085333535033385
                  1.74618930781829795329
                 -3.56109008752164246658
                  2.27032723996237839614
                  2.07998102189888278701
                  8.48336782988529591876
                 -3.05558521362239021713
                  1.49450497602659670981
                 -4.58481435698818273750
                 -3.50768467434752029277
                  9.91809464817715458196
                  2.86456310386260204481
                  3.03432714467704212069
                  2.77467239951015898214
                 -1.11180336169489990539
                  1.31559409821893980030
                  8.80556243606873678686
                 -2.35129831457062277167
                  2.88323512053965957946
                 -1.18374356119392665221
                  7.91545841664607952026
                 -0.77577316115366445892
                  1.63976334859005046241
                 -1.58950892630140749873
                 -1.81758486308140176924
                  1.81215877053685203713
                  4.77955742767726565745
                 -0.70481313858262673033
                 -1.20703208033394071563
                  1.02082514881602492984
                  2.24585647929357445918
                  1.36475785928530157776
                 -0.30586431554908294350
                 -1.72396870781429956132
                 -1.70079036809399908314
                  1.09215155009517972395
                  1.65789424197002355221
                 -3.18129914786775591651
                  6.03764419197677515427
                  2.26530978346670774926
                  2.77049662531563400947
                 -8.31088640956260604753
